81213750805
81219642514
81281038295
81322733760
81511093709
81513809851
81585616706
81932759041
8561544672
85695673822
85711241453
85717294534
85777488681
85782642520
85813211085
85820066452
85890292526
85890855546
85893863047
85924135999
85954556584
85966501594
87741487770
87773930990
87879575714
87880340375
88223819027
89504308491
89506030307
89517492494
895359025663
895385239304
895385629017
895410669368
895411207587
895421418141
895608111606
895613304765
895702345522
895703001061
89601165002
89601725749
89603499036
89604118598
89607918986
89612120045
89622948073
89630671903
89636945720
89637528728
89651129071
89651150439
89663792133
89678374420
89679996560
89680187184
89691632018
89694596598
8977344838
8987777990
8988769184
8988804626
8989513929
8990382215
