00000000000
81284285376
81284624066
81296370150
00000000000
81352283970
00000000000
81413586957
81517767091
81617769046
81617769052
81973763373
82110763614
83817534561
83879114235
89699991215
85156176946
85156453921
85211690869
85213096713
85719372668
85776291824
85781751497
85880543664
85882371683
85884130394
85959726867
87884525314
8811307344
88212366982
88219925920
88224846701
88293075194
8881202870
89501114734
89503660936
89506246735
89508816653
89529519078
89530523971
895324805797
895325255580
895330414708
895330831752
895331807184
895336958699
895365886853
895421418141
895605270387
895613304409
895613305120
895620044713
89601212514
89627838946
89654611819
89657406043
89679590737
89692051022
8988610386
8990106431
8998705955
