81215327714
81218687520
81222332284
81282995944
81289296961
89699991215
81292692352
81293724362
81294557453
81295751599
81318265654
81380147642
81381119892
81382292622
81382390860
81383449390
81385690410
81392376435
81517063547
81519419058
81547501782
81574379751
81585757821
81933341774
82159624172
82213438315
82213697812
82257627192
82297488115
83890859484
85158933830
85219725124
8558516307
8569963367
85710447490
85770136325
85810468552
85893644229
87722205862
87741486713
87775169605
87875379062
87877250304
88210734105
88210941997
88213031061
88219930907
89513850331
89517987242
89523676940
89601289130
